1.00100000e+00 3.46421967e+00
1.00300000e+00 2.11144983e+00
1.00500000e+00 2.92375858e+00
1.00700000e+00 2.55452314e+00
1.00900000e+00 2.44262998e+00
1.01100000e+00 2.48366231e+00
1.01300000e+00 2.01948150e+00
1.01500000e+00 2.61499004e+00
1.01700000e+00 2.50453369e+00
1.01900000e+00 2.04566385e+00
1.02100000e+00 2.48494798e+00
1.02300000e+00 2.07920258e+00
1.02500000e+00 2.26834382e+00
1.02700000e+00 3.09455671e+00
1.02900000e+00 2.49538873e+00
1.03100000e+00 2.82689350e+00
1.03300000e+00 1.79638684e+00
1.03500000e+00 1.74108746e+00
1.03700000e+00 2.21614976e+00
1.03900000e+00 2.49557735e+00
1.04100000e+00 2.00792098e+00
1.04300000e+00 2.42884805e+00
1.04500000e+00 1.66048230e+00
1.04700000e+00 2.41032498e+00
1.04900000e+00 2.30698033e+00
1.05100000e+00 2.53271963e+00
1.05300000e+00 1.96241718e+00
1.05500000e+00 1.90843656e+00
1.05700000e+00 1.94759256e+00
1.05900000e+00 2.07883196e+00
1.06100000e+00 2.57724705e+00
1.06300000e+00 1.92566862e+00
1.06500000e+00 1.73573401e+00
1.06700000e+00 2.59384972e+00
1.06900000e+00 2.22146494e+00
1.07100000e+00 2.34867647e+00
1.07300000e+00 1.57495226e+00
1.07500000e+00 2.51055589e+00
1.07700000e+00 1.78660021e+00
1.07900000e+00 2.71447435e+00
1.08100000e+00 1.99507820e+00
1.08300000e+00 1.45765861e+00
1.08500000e+00 1.54030727e+00
1.08700000e+00 1.71003231e+00
1.08900000e+00 1.83481520e+00
1.09100000e+00 2.35040692e+00
1.09300000e+00 1.95151093e+00
1.09500000e+00 2.03080591e+00
1.09700000e+00 1.93730526e+00
1.09900000e+00 2.05894456e+00
1.10100000e+00 1.83777618e+00
1.10300000e+00 1.87370171e+00
1.10500000e+00 1.78206498e+00
1.10700000e+00 1.98701625e+00
1.10900000e+00 1.97985584e+00
1.11100000e+00 2.14062632e+00
1.11300000e+00 1.84018358e+00
1.11500000e+00 2.08362267e+00
1.11700000e+00 1.95159778e+00
1.11900000e+00 1.94462780e+00
1.12100000e+00 1.93769509e+00
1.12300000e+00 1.35566765e+00
1.12500000e+00 1.96487532e+00
1.12700000e+00 1.83553846e+00
1.12900000e+00 1.66645956e+00
1.13100000e+00 1.45806236e+00
1.13300000e+00 1.77579024e+00
1.13500000e+00 2.41300563e+00
1.13700000e+00 1.56294065e+00
1.13900000e+00 1.95680451e+00
1.14100000e+00 1.87036074e+00
1.14300000e+00 1.11036146e+00
1.14500000e+00 1.54117673e+00
1.14700000e+00 2.00836272e+00
1.14900000e+00 1.37349410e+00
1.15100000e+00 1.48604431e+00
1.15300000e+00 1.71471866e+00
1.15500000e+00 1.66994935e+00
1.15700000e+00 2.01249791e+00
1.15900000e+00 1.69701084e+00
1.16100000e+00 1.61429783e+00
1.16300000e+00 1.22571461e+00
1.16500000e+00 1.94678118e+00
1.16700000e+00 1.44557523e+00
1.16900000e+00 1.97139266e+00
1.17100000e+00 1.77575433e+00
1.17300000e+00 1.46847784e+00
1.17500000e+00 1.72615946e+00
1.17700000e+00 1.27152472e+00
1.17900000e+00 2.04990576e+00
1.18100000e+00 1.74580961e+00
1.18300000e+00 1.77693100e+00
1.18500000e+00 1.36509803e+00
1.18700000e+00 1.39727206e+00
1.18900000e+00 1.94227615e+00
1.19100000e+00 1.60704476e+00
1.19300000e+00 1.89287212e+00
1.19500000e+00 1.59630430e+00
1.19700000e+00 1.41018187e+00
1.19900000e+00 1.26132934e+00
1.20100000e+00 1.32896802e+00
1.20300000e+00 1.46774775e+00
1.20500000e+00 1.92671947e+00
1.20700000e+00 1.63584485e+00
1.20900000e+00 1.52410425e+00
1.21100000e+00 1.51907421e+00
1.21300000e+00 1.47885812e+00
1.21500000e+00 1.61437379e+00
1.21700000e+00 1.25927380e+00
1.21900000e+00 1.46433587e+00
1.22100000e+00 9.73028423e-01
1.22300000e+00 1.35086054e+00
1.22500000e+00 1.27740429e+00
1.22700000e+00 1.61736320e+00
1.22900000e+00 1.30340282e+00
1.23100000e+00 1.50430326e+00
1.23300000e+00 1.46534919e+00
1.23500000e+00 1.29076894e+00
1.23700000e+00 1.32045630e+00
1.23900000e+00 1.18120223e+00
1.24100000e+00 1.37923770e+00
1.24300000e+00 1.37480286e+00
1.24500000e+00 1.60435829e+00
1.24700000e+00 1.33268010e+00
1.24900000e+00 1.59409863e+00
1.25100000e+00 1.02623283e+00
1.25300000e+00 1.58393707e+00
1.25500000e+00 1.41442470e+00
1.25700000e+00 1.27877130e+00
1.25900000e+00 1.43813629e+00
1.26100000e+00 1.20550879e+00
1.26300000e+00 1.13673746e+00
1.26500000e+00 1.32739946e+00
1.26700000e+00 1.61367327e+00
1.26900000e+00 9.65154502e-01
1.27100000e+00 1.25075526e+00
1.27300000e+00 1.08697847e+00
1.27500000e+00 1.14731048e+00
1.27700000e+00 1.46141940e+00
1.27900000e+00 1.07680400e+00
1.28100000e+00 1.42073502e+00
1.28300000e+00 1.41630906e+00
1.28500000e+00 1.50603066e+00
1.28700000e+00 1.15729336e+00
1.28900000e+00 1.43433577e+00
1.29100000e+00 9.63624965e-01
1.29300000e+00 1.33250927e+00
1.29500000e+00 1.60643309e+00
1.29700000e+00 1.35510067e+00
1.29900000e+00 7.98277485e-01
1.30100000e+00 1.40799811e+00
1.30300000e+00 1.25110529e+00
1.30500000e+00 1.42980124e+00
1.30700000e+00 1.27378741e+00
1.30900000e+00 1.63272598e+00
1.31100000e+00 1.59760467e+00
1.31300000e+00 1.38237928e+00
1.31500000e+00 1.10853409e+00
1.31700000e+00 1.04543090e+00
1.31900000e+00 1.42938916e+00
1.32100000e+00 1.18755353e+00
1.32300000e+00 1.12476747e+00
1.32500000e+00 7.08236529e-01
1.32700000e+00 1.14741784e+00
1.32900000e+00 8.50642103e-01
1.33100000e+00 1.34524244e+00
1.33300000e+00 1.02048490e+00
1.33500000e+00 9.88360146e-01
1.33700000e+00 1.01438792e+00
1.33900000e+00 1.27142387e+00
1.34100000e+00 1.00834542e+00
1.34300000e+00 9.76620265e-01
1.34500000e+00 1.28874438e+00
1.34700000e+00 1.25636644e+00
1.34900000e+00 9.39482903e-01
1.35100000e+00 1.07862812e+00
1.35300000e+00 7.64129581e-01
1.35500000e+00 1.24157491e+00
1.35700000e+00 1.40672482e+00
1.35900000e+00 1.26232866e+00
1.36100000e+00 1.31456011e+00
1.36300000e+00 1.25493041e+00
1.36500000e+00 1.11222725e+00
1.36700000e+00 1.13669950e+00
1.36900000e+00 8.29302933e-01
1.37100000e+00 9.64699333e-01
1.37300000e+00 7.96995312e-01
1.37500000e+00 1.34273258e+00
1.37700000e+00 9.56310684e-01
1.37900000e+00 1.11700256e+00
1.38100000e+00 9.77944003e-01
1.38300000e+00 9.48030978e-01
1.38500000e+00 1.05332867e+00
1.38700000e+00 9.96431956e-01
1.38900000e+00 1.10097691e+00
1.39100000e+00 1.52622809e+00
1.39300000e+00 9.87866679e-01
1.39500000e+00 1.22463950e+00
1.39700000e+00 8.76032007e-01
1.39900000e+00 9.52940792e-01
1.40100000e+00 1.21417254e+00
1.40300000e+00 1.36863250e+00
1.40500000e+00 8.39839268e-01
1.40700000e+00 1.28235046e+00
1.40900000e+00 1.12213554e+00
1.41100000e+00 9.10778698e-01
1.41300000e+00 9.60099510e-01
1.41500000e+00 8.79761364e-01
1.41700000e+00 1.05789607e+00
1.41900000e+00 9.51997442e-01
1.42100000e+00 1.07760596e+00
1.42300000e+00 9.46652907e-01
1.42500000e+00 1.02053784e+00
1.42700000e+00 9.41353252e-01
1.42900000e+00 1.06557416e+00
1.43100000e+00 8.60198140e-01
1.43300000e+00 9.58716199e-01
1.43500000e+00 1.18247755e+00
1.43700000e+00 8.53029854e-01
1.43900000e+00 1.10085454e+00
1.44100000e+00 7.73450604e-01
1.44300000e+00 1.09475986e+00
1.44500000e+00 9.18046926e-01
1.44700000e+00 1.18768980e+00
1.44900000e+00 9.62335900e-01
1.45100000e+00 8.61255624e-01
1.45300000e+00 1.20244080e+00
1.45500000e+00 1.12572082e+00
1.45700000e+00 1.00060716e+00
1.45900000e+00 9.00513012e-01
1.46100000e+00 6.06790020e-01
1.46300000e+00 9.19800830e-01
1.46500000e+00 1.11040507e+00
1.46700000e+00 8.66644781e-01
1.46900000e+00 9.84326366e-01
1.47100000e+00 8.37995241e-01
1.47300000e+00 8.35721171e-01
1.47500000e+00 8.81082422e-01
1.47700000e+00 1.11618382e+00
1.47900000e+00 9.00007446e-01
1.48100000e+00 1.01568068e+00
1.48300000e+00 8.00931675e-01
1.48500000e+00 8.92749353e-01
1.48700000e+00 9.60640239e-01
1.48900000e+00 7.01020493e-01
1.49100000e+00 1.09532103e+00
1.49300000e+00 7.43753835e-01
1.49500000e+00 6.72224703e-01
1.49700000e+00 8.55375839e-01
1.49900000e+00 9.68377925e-01
1.50100000e+00 9.19808594e-01
1.50300000e+00 1.10083475e+00
1.50500000e+00 1.02929146e+00
1.50700000e+00 9.80936303e-01
1.50900000e+00 1.11485005e+00
1.51100000e+00 9.30365902e-01
1.51300000e+00 1.01843547e+00
1.51500000e+00 9.48031749e-01
1.51700000e+00 9.68046349e-01
1.51900000e+00 8.53231551e-01
1.52100000e+00 9.40566962e-01
1.52300000e+00 8.71091264e-01
1.52500000e+00 8.24253680e-01
1.52700000e+00 7.77658330e-01
1.52900000e+00 8.64268122e-01
1.53100000e+00 7.73600108e-01
1.53300000e+00 7.27492447e-01
1.53500000e+00 9.45476099e-01
1.53700000e+00 8.77225233e-01
1.53900000e+00 8.09325722e-01
1.54100000e+00 8.72677087e-01
1.54300000e+00 7.61614233e-01
1.54500000e+00 9.98388854e-01
1.54700000e+00 1.01745706e+00
1.54900000e+00 8.63686270e-01
1.55100000e+00 7.96850755e-01
1.55300000e+00 9.66648236e-01
1.55500000e+00 7.92756475e-01
1.55700000e+00 8.33462842e-01
1.55900000e+00 9.59222029e-01
1.56100000e+00 8.71719802e-01
1.56300000e+00 1.01793991e+00
1.56500000e+00 8.88422334e-01
1.56700000e+00 8.86155952e-01
1.56900000e+00 8.62853035e-01
1.57100000e+00 6.92724314e-01
1.57300000e+00 8.58470297e-01
1.57500000e+00 8.56291440e-01
1.57700000e+00 9.16617516e-01
1.57900000e+00 7.89620107e-01
1.58100000e+00 1.03634684e+00
1.58300000e+00 9.09682226e-01
1.58500000e+00 9.28010400e-01
1.58700000e+00 9.05102336e-01
1.58900000e+00 7.38675287e-01
1.59100000e+00 8.80089743e-01
1.59300000e+00 8.98297080e-01
1.59500000e+00 8.75681035e-01
1.59700000e+00 8.53175394e-01
1.59900000e+00 1.03340870e+00
1.60100000e+00 1.11167769e+00
1.60300000e+00 9.87933925e-01
1.60500000e+00 1.04580842e+00
1.60700000e+00 1.02314524e+00
1.60900000e+00 7.40437661e-01
1.61100000e+00 8.38411205e-01
1.61300000e+00 7.36769864e-01
1.61500000e+00 8.14399818e-01
1.61700000e+00 8.12386470e-01
1.61900000e+00 8.89442098e-01
1.62100000e+00 9.66115201e-01
1.62300000e+00 8.26059093e-01
1.62500000e+00 7.84787589e-01
1.62700000e+00 6.65430460e-01
1.62900000e+00 9.76172798e-01
1.63100000e+00 8.37450988e-01
1.63300000e+00 6.79977498e-01
1.63500000e+00 8.52738809e-01
1.63700000e+00 9.66655023e-01
1.63900000e+00 1.02215517e+00
1.64100000e+00 7.88797565e-01
1.64300000e+00 7.48494040e-01
1.64500000e+00 8.04111647e-01
1.64700000e+00 1.10774465e+00
1.64900000e+00 9.33584507e-01
1.65100000e+00 8.55297563e-01
1.65300000e+00 9.10111071e-01
1.65500000e+00 9.26827585e-01
1.65700000e+00 6.22684120e-01
1.65900000e+00 1.12942487e+00
1.66100000e+00 7.69916203e-01
1.66300000e+00 7.11865533e-01
1.66500000e+00 8.22286327e-01
1.66700000e+00 9.32175475e-01
1.66900000e+00 8.36948449e-01
1.67100000e+00 9.09163619e-01
1.67300000e+00 7.03380920e-01
1.67500000e+00 7.75565597e-01
1.67700000e+00 8.84247786e-01
1.67900000e+00 8.08630565e-01
1.68100000e+00 1.00838443e+00
1.68300000e+00 8.04791376e-01
1.68500000e+00 1.07659181e+00
1.68700000e+00 8.37387620e-01
1.68900000e+00 8.17244646e-01
1.69100000e+00 7.42840393e-01
1.69300000e+00 8.85688557e-01
1.69500000e+00 9.01632316e-01
1.69700000e+00 9.53478830e-01
1.69900000e+00 1.13071372e+00
1.70100000e+00 7.87848876e-01
1.70300000e+00 4.10863357e-01
1.70500000e+00 7.30691341e-01
1.70700000e+00 7.46760123e-01
1.70900000e+00 6.91798080e-01
1.71100000e+00 8.84848372e-01
1.71300000e+00 8.65127715e-01
1.71500000e+00 8.27882076e-01
1.71700000e+00 7.90807528e-01
1.71900000e+00 7.71435809e-01
1.72100000e+00 7.34660045e-01
1.72300000e+00 8.72566069e-01
1.72500000e+00 7.31256877e-01
1.72700000e+00 7.29564153e-01
1.72900000e+00 1.03982471e+00
1.73100000e+00 8.12648231e-01
1.73300000e+00 7.24521099e-01
1.73500000e+00 9.63802261e-01
1.73700000e+00 6.52503480e-01
1.73900000e+00 7.19530154e-01
1.74100000e+00 7.86247291e-01
1.74300000e+00 9.72028400e-01
1.74500000e+00 7.65632788e-01
1.74700000e+00 7.80855897e-01
1.74900000e+00 1.05005233e+00
1.75100000e+00 8.44883026e-01
1.75300000e+00 9.77829273e-01
1.75500000e+00 7.23291043e-01
1.75700000e+00 1.02372942e+00
1.75900000e+00 7.86982459e-01
1.76100000e+00 1.10261551e+00
1.76300000e+00 9.83436359e-01
1.76500000e+00 9.31316895e-01
1.76700000e+00 8.62837712e-01
1.76900000e+00 8.77443332e-01
1.77100000e+00 1.07368061e+00
1.77300000e+00 7.74603154e-01
1.77500000e+00 8.38633749e-01
1.77700000e+00 8.85967475e-01
1.77900000e+00 7.03907243e-01
1.78100000e+00 7.83993159e-01
1.78300000e+00 6.84455912e-01
1.78500000e+00 8.45523685e-01
1.78700000e+00 7.78737354e-01
1.78900000e+00 8.09372041e-01
1.79100000e+00 9.36775873e-01
1.79300000e+00 9.02456595e-01
1.79500000e+00 7.55732027e-01
1.79700000e+00 1.07492342e+00
1.79900000e+00 8.80438932e-01
1.80100000e+00 7.50704999e-01
1.80300000e+00 8.44662653e-01
1.80500000e+00 8.42791861e-01
1.80700000e+00 1.01545935e+00
1.80900000e+00 8.39068876e-01
1.81100000e+00 8.37216628e-01
1.81300000e+00 6.77753429e-01
1.81500000e+00 8.96438444e-01
1.81700000e+00 8.47388921e-01
1.81900000e+00 8.76842326e-01
1.82100000e+00 8.43670269e-01
1.82300000e+00 6.70338240e-01
1.82500000e+00 8.24420930e-01
1.82700000e+00 1.13303844e+00
1.82900000e+00 8.36306026e-01
1.83100000e+00 1.15900004e+00
1.83300000e+00 9.40597418e-01
1.83500000e+00 6.61599542e-01
1.83700000e+00 8.29037785e-01
1.83900000e+00 6.12767059e-01
1.84100000e+00 6.87865954e-01
1.84300000e+00 8.38901357e-01
1.84500000e+00 8.82742691e-01
1.84700000e+00 1.06307310e+00
1.84900000e+00 9.69851026e-01
1.85100000e+00 7.86302007e-01
1.85300000e+00 7.39339858e-01
1.85500000e+00 9.48531154e-01
1.85700000e+00 9.61512744e-01
1.85900000e+00 8.99479665e-01
1.86100000e+00 8.52670009e-01
1.86300000e+00 8.50840246e-01
1.86500000e+00 9.08596462e-01
1.86700000e+00 7.43156443e-01
1.86900000e+00 9.78868181e-01
1.87100000e+00 9.91576228e-01
1.87300000e+00 8.12243068e-01
1.87500000e+00 8.39984342e-01
1.87700000e+00 8.82310778e-01
1.87900000e+00 8.95107414e-01
1.88100000e+00 8.19991433e-01
1.88300000e+00 8.18250476e-01
1.88500000e+00 9.91482568e-01
1.88700000e+00 1.04758091e+00
1.88900000e+00 7.25947089e-01
1.89100000e+00 1.11559497e+00
1.89300000e+00 8.53001242e-01
1.89500000e+00 9.81045983e-01
1.89700000e+00 8.06217545e-01
1.89900000e+00 1.09184891e+00
1.90100000e+00 9.46190497e-01
1.90300000e+00 9.44202703e-01
1.90500000e+00 9.27945088e-01
1.90700000e+00 8.12030516e-01
1.90900000e+00 8.95627816e-01
1.91100000e+00 9.78873558e-01
1.91300000e+00 1.06176940e+00
1.91500000e+00 9.04151690e-01
1.91700000e+00 9.44559799e-01
1.91900000e+00 8.15975135e-01
1.92100000e+00 8.28316215e-01
1.92300000e+00 8.26594144e-01
1.92500000e+00 1.04857301e+00
1.92700000e+00 1.06034952e+00
1.92900000e+00 8.91075289e-01
1.93100000e+00 1.06985534e+00
1.93300000e+00 1.01218066e+00
1.93500000e+00 1.16229462e+00
1.93700000e+00 8.83730033e-01
1.93900000e+00 1.01970602e+00
1.94100000e+00 1.00385427e+00
1.94300000e+00 9.60619328e-01
1.94500000e+00 9.58644778e-01
1.94700000e+00 9.43009504e-01
1.94900000e+00 9.68352666e-01
1.95100000e+00 9.11925051e-01
1.95300000e+00 1.04588786e+00
1.95500000e+00 8.40421295e-01
1.95700000e+00 8.79286869e-01
1.95900000e+00 9.44991823e-01
1.96100000e+00 1.06431648e+00
1.96300000e+00 9.54589454e-01
1.96500000e+00 9.12394558e-01
1.96700000e+00 1.12478483e+00
1.96900000e+00 9.62143715e-01
1.97100000e+00 9.86864108e-01
1.97300000e+00 8.91701537e-01
1.97500000e+00 8.89896474e-01
1.97700000e+00 1.16645561e+00
1.97900000e+00 1.12441394e+00
1.98100000e+00 1.09574128e+00
1.98300000e+00 1.05400687e+00
1.98500000e+00 1.07818110e+00
1.98700000e+00 1.23347685e+00
1.98900000e+00 1.00837029e+00
1.99100000e+00 9.93276032e-01
1.99300000e+00 9.65197095e-01
1.99500000e+00 1.09343349e+00
1.99700000e+00 8.83388349e-01
1.99900000e+00 1.07609692e+00
2.00100000e+00 1.16452071e+00
2.00300000e+00 9.42670347e-01
2.00500000e+00 9.92340818e-01
2.00700000e+00 8.74607208e-01
2.00900000e+00 1.20660985e+00
2.01100000e+00 9.86428175e-01
2.01300000e+00 1.22738996e+00
2.01500000e+00 8.93196111e-01
2.01700000e+00 7.00405871e-01
2.01900000e+00 1.16926803e+00
2.02100000e+00 1.09084918e+00
2.02300000e+00 8.98804976e-01
2.02500000e+00 1.06127544e+00
2.02700000e+00 1.07179151e+00
2.02900000e+00 9.18666017e-01
2.03100000e+00 1.10525302e+00
2.03300000e+00 1.04040450e+00
2.03500000e+00 1.11342268e+00
2.03700000e+00 1.13620899e+00
2.03900000e+00 1.00936782e+00
2.04100000e+00 1.21881826e+00
2.04300000e+00 1.09230727e+00
2.04500000e+00 9.16735355e-01
2.04700000e+00 1.01385781e+00
2.04900000e+00 1.15995949e+00
2.05100000e+00 1.02222302e+00
2.05300000e+00 1.10627602e+00
2.05500000e+00 7.85154651e-01
2.05700000e+00 1.00402414e+00
2.05900000e+00 1.18538091e+00
2.06100000e+00 1.06111427e+00
2.06300000e+00 1.25382711e+00
2.06500000e+00 9.84110336e-01
2.06700000e+00 1.09134093e+00
2.06900000e+00 1.21025784e+00
2.07100000e+00 1.02673322e+00
2.07300000e+00 1.07297669e+00
2.07500000e+00 1.11904006e+00
2.07700000e+00 9.84781193e-01
2.07900000e+00 9.70900952e-01
2.08100000e+00 1.23223049e+00
2.08300000e+00 1.11046096e+00
2.08500000e+00 1.01299125e+00
2.08700000e+00 9.51577087e-01
2.08900000e+00 9.14140041e-01
2.09100000e+00 1.10198015e+00
2.09300000e+00 9.81608980e-01
2.09500000e+00 9.44323548e-01
2.09700000e+00 1.07212005e+00
2.09900000e+00 9.40727841e-01
2.10100000e+00 1.17367210e+00
2.10300000e+00 9.95724671e-01
2.10500000e+00 9.35372665e-01
2.10700000e+00 9.56937709e-01
2.10900000e+00 1.18808059e+00
2.11100000e+00 1.13932728e+00
2.11300000e+00 9.63114644e-01
2.11500000e+00 1.01920329e+00
2.11700000e+00 1.26003808e+00
2.11900000e+00 1.01535906e+00
2.12100000e+00 1.04799436e+00
2.12300000e+00 1.18395753e+00
2.12500000e+00 9.86687146e-01
2.12700000e+00 1.05354171e+00
2.12900000e+00 1.01727313e+00
2.13100000e+00 1.02677314e+00
2.13300000e+00 9.33750893e-01
2.13500000e+00 1.10249052e+00
2.13700000e+00 1.06639401e+00
2.13900000e+00 9.17196394e-01
2.14100000e+00 1.06241308e+00
2.14300000e+00 1.30861693e+00
2.14500000e+00 1.05845439e+00
2.14700000e+00 1.14639682e+00
2.14900000e+00 1.02086297e+00
2.15100000e+00 1.09734741e+00
2.15300000e+00 1.11766289e+00
2.15500000e+00 1.14905698e+00
2.15700000e+00 9.46493258e-01
2.15900000e+00 1.12257400e+00
2.16100000e+00 9.65180653e-01
2.16300000e+00 1.26238173e+00
2.16500000e+00 1.09425435e+00
2.16700000e+00 1.07017007e+00
2.16900000e+00 1.12325913e+00
2.17100000e+00 9.89285747e-01
2.17300000e+00 9.43578177e-01
2.17500000e+00 1.14992540e+00
2.17700000e+00 1.09315572e+00
2.17900000e+00 1.09114993e+00
2.18100000e+00 1.02380068e+00
2.18300000e+00 1.31545740e+00
2.18500000e+00 9.44094049e-01
2.18700000e+00 1.19149990e+00
2.18900000e+00 1.04876721e+00
2.19100000e+00 8.09422735e-01
2.19300000e+00 1.19576161e+00
2.19500000e+00 1.08605349e+00
2.19700000e+00 1.12701079e+00
2.19900000e+00 9.64252872e-01
2.20100000e+00 1.20847383e+00
2.20300000e+00 1.02480475e+00
2.20500000e+00 1.47048565e+00
2.20700000e+00 1.05300254e+00
2.20900000e+00 9.76776688e-01
2.21100000e+00 1.18696914e+00
2.21300000e+00 1.20598225e+00
2.21500000e+00 1.09820842e+00
2.21700000e+00 1.14893115e+00
2.21900000e+00 9.67992770e-01
2.22100000e+00 1.16580188e+00
2.22300000e+00 1.03789916e+00
2.22500000e+00 9.94174148e-01
2.22700000e+00 1.04462029e+00
2.22900000e+00 1.13659372e+00
2.23100000e+00 1.17619193e+00
2.23300000e+00 1.26759721e+00
2.23500000e+00 1.03715541e+00
2.23700000e+00 1.02494867e+00
2.23900000e+00 9.92114820e-01
2.24100000e+00 1.01097695e+00
2.24300000e+00 1.07096107e+00
2.24500000e+00 1.29519973e+00
2.24700000e+00 9.54279722e-01
2.24900000e+00 9.93554547e-01
2.25100000e+00 1.04291298e+00
2.25300000e+00 1.16354011e+00
2.25500000e+00 1.05959314e+00
2.25700000e+00 9.56012624e-01
2.25900000e+00 1.01523465e+00
2.26100000e+00 1.11478330e+00
2.26300000e+00 7.99202577e-01
2.26500000e+00 1.10075072e+00
2.26700000e+00 1.16937510e+00
2.26900000e+00 9.96242569e-01
2.27100000e+00 1.13512338e+00
2.27300000e+00 1.11307134e+00
2.27500000e+00 1.16116538e+00
2.27700000e+00 9.49284602e-01
2.27900000e+00 1.01744376e+00
2.28100000e+00 9.65873067e-01
2.28300000e+00 1.08346171e+00
2.28500000e+00 1.06172064e+00
2.28700000e+00 1.11929614e+00
2.28900000e+00 1.05801320e+00
2.29100000e+00 1.01668388e+00
2.29300000e+00 1.02476462e+00
2.29500000e+00 1.21970611e+00
2.29700000e+00 1.19794460e+00
2.29900000e+00 8.33181995e-01
2.30100000e+00 9.98081090e-01
2.30300000e+00 1.26985569e+00
2.30500000e+00 8.28850033e-01
2.30700000e+00 1.07077048e+00
2.30900000e+00 1.07863375e+00
2.31100000e+00 1.06706700e+00
2.31300000e+00 1.08459014e+00
2.31500000e+00 1.00538000e+00
2.31700000e+00 9.65043357e-01
2.31900000e+00 8.47773951e-01
2.32100000e+00 1.17329830e+00
2.32300000e+00 1.03686981e+00
2.32500000e+00 9.00908807e-01
2.32700000e+00 1.06201122e+00
2.32900000e+00 1.08884176e+00
2.33100000e+00 8.58137451e-01
2.33300000e+00 9.89926056e-01
2.33500000e+00 1.16877317e+00
2.33700000e+00 1.14780164e+00
2.33900000e+00 1.04167235e+00
2.34100000e+00 8.88636035e-01
2.34300000e+00 9.53181688e-01
2.34500000e+00 9.13871080e-01
2.34700000e+00 1.18506797e+00
2.34900000e+00 1.02343286e+00
2.35100000e+00 1.02169233e+00
2.35300000e+00 9.73169253e-01
2.35500000e+00 9.80858523e-01
2.35700000e+00 1.06312561e+00
2.35900000e+00 9.86844847e-01
2.36100000e+00 1.08740865e+00
2.36300000e+00 1.06701197e+00
2.36500000e+00 9.81843953e-01
2.36700000e+00 1.15587905e+00
2.36900000e+00 9.32373984e-01
2.37100000e+00 9.95312692e-01
2.37300000e+00 9.84435340e-01
2.37500000e+00 1.25832329e+00
2.37700000e+00 1.04531067e+00
2.37900000e+00 1.00693792e+00
2.38100000e+00 1.06921727e+00
2.38300000e+00 1.02180690e+00
2.38500000e+00 1.07474179e+00
2.38700000e+00 1.12749790e+00
2.38900000e+00 1.21638595e+00
2.39100000e+00 1.09654160e+00
2.39300000e+00 9.77096040e-01
2.39500000e+00 1.08384981e+00
2.39700000e+00 1.24434817e+00
2.39900000e+00 1.10724445e+00
2.40100000e+00 1.08742658e+00
2.40300000e+00 1.00486883e+00
2.40500000e+00 1.08381237e+00
2.40700000e+00 1.00153179e+00
2.40900000e+00 9.82014681e-01
2.41100000e+00 1.02494914e+00
2.41300000e+00 9.52068134e-01
2.41500000e+00 1.00379047e+00
2.41700000e+00 8.77972250e-01
2.41900000e+00 9.73912285e-01
2.42100000e+00 9.98821220e-01
2.42300000e+00 9.88348460e-01
2.42500000e+00 9.95528857e-01
2.42700000e+00 1.02907068e+00
2.42900000e+00 1.09762472e+00
2.43100000e+00 9.20488309e-01
2.43300000e+00 1.03275352e+00
2.43500000e+00 9.78631042e-01
2.43700000e+00 1.05553638e+00
2.43900000e+00 1.05380600e+00
2.44100000e+00 9.65131112e-01
2.44300000e+00 8.59383788e-01
2.44500000e+00 9.09977110e-01
2.44700000e+00 1.02096996e+00
2.44900000e+00 1.13159917e+00
2.45100000e+00 9.91768052e-01
2.45300000e+00 9.98761491e-01
2.45500000e+00 9.11174944e-01
2.45700000e+00 1.00409417e+00
2.45900000e+00 9.76757355e-01
2.46100000e+00 9.75170422e-01
2.46300000e+00 9.56506874e-01
2.46500000e+00 1.06579840e+00
2.46700000e+00 1.08109614e+00
2.46900000e+00 9.51863644e-01
2.47100000e+00 9.67293473e-01
2.47300000e+00 9.14901668e-01
2.47500000e+00 9.21881263e-01
2.47700000e+00 9.20393158e-01
2.47900000e+00 1.04536397e+00
2.48100000e+00 1.07734633e+00
2.48300000e+00 1.16804684e+00
2.48500000e+00 9.31256012e-01
2.48700000e+00 1.04702569e+00
2.48900000e+00 1.10388297e+00
2.49100000e+00 9.10076583e-01
2.49300000e+00 9.91976312e-01
2.49500000e+00 8.98838265e-01
2.49700000e+00 9.80491470e-01
2.49900000e+00 1.07017819e+00
2.50100000e+00 1.11816342e+00
2.50300000e+00 1.00887423e+00
2.50500000e+00 9.57726327e-01
2.50700000e+00 9.72685040e-01
2.50900000e+00 1.03697460e+00
2.51100000e+00 1.05175707e+00
2.51300000e+00 1.14852897e+00
2.51500000e+00 1.03203271e+00
2.51700000e+00 1.08763734e+00
2.51900000e+00 9.71604514e-01
2.52100000e+00 9.94518891e-01
2.52300000e+00 9.76665041e-01
2.52500000e+00 1.04825235e+00
2.52700000e+00 8.59991738e-01
2.52900000e+00 8.74832673e-01
2.53100000e+00 9.13888160e-01
2.53300000e+00 9.36669777e-01
2.53500000e+00 9.91626403e-01
2.53700000e+00 9.82014259e-01
2.53900000e+00 1.12512696e+00
2.54100000e+00 9.94972902e-01
2.54300000e+00 9.53351686e-01
2.54500000e+00 8.15874757e-01
2.54700000e+00 9.18414747e-01
2.54900000e+00 1.06847416e+00
2.55100000e+00 9.79226352e-01
2.55300000e+00 9.69743995e-01
2.55500000e+00 9.68226399e-01
2.55700000e+00 1.04595108e+00
2.55900000e+00 9.73113366e-01
2.56100000e+00 1.09798028e+00
2.56300000e+00 1.04894647e+00
2.56500000e+00 1.03943681e+00
2.56700000e+00 1.02995549e+00
2.56900000e+00 9.96952371e-01
2.57100000e+00 1.01107752e+00
2.57300000e+00 1.03298320e+00
2.57500000e+00 7.65720911e-01
2.57700000e+00 9.75169421e-01
2.57900000e+00 1.06712865e+00
2.58100000e+00 1.05769828e+00
2.58300000e+00 8.85227583e-01
2.58500000e+00 9.22624037e-01
2.58700000e+00 9.90868474e-01
2.58900000e+00 8.96587722e-01
2.59100000e+00 1.00324597e+00
2.59300000e+00 1.03252045e+00
2.59500000e+00 8.07817902e-01
2.59700000e+00 9.14117369e-01
2.59900000e+00 1.11979673e+00
2.60100000e+00 9.49598193e-01
2.60300000e+00 9.32846945e-01
2.60500000e+00 9.84856950e-01
2.60700000e+00 8.91872347e-01
2.60900000e+00 1.08839560e+00
2.61100000e+00 9.49937798e-01
2.61300000e+00 9.18132688e-01
2.61500000e+00 9.92491528e-01
2.61700000e+00 1.06662207e+00
2.61900000e+00 9.13930714e-01
2.62100000e+00 1.04828569e+00
2.62300000e+00 1.04668769e+00
2.62500000e+00 9.54869463e-01
2.62700000e+00 1.00596658e+00
2.62900000e+00 8.54520682e-01
2.63100000e+00 1.01039450e+00
2.63300000e+00 9.64021881e-01
2.63500000e+00 1.00732921e+00
2.63700000e+00 9.16397195e-01
2.63900000e+00 8.70374143e-01
2.64100000e+00 9.80473880e-01
2.64300000e+00 1.00865694e+00
2.64500000e+00 9.84915989e-01
2.64700000e+00 1.04997597e+00
2.64900000e+00 8.63815206e-01
2.65100000e+00 8.55140417e-01
2.65300000e+00 9.78985007e-01
2.65500000e+00 9.48111816e-01
2.65700000e+00 8.14589429e-01
2.65900000e+00 9.96554681e-01
2.66100000e+00 9.95057229e-01
2.66300000e+00 8.69367756e-01
2.66500000e+00 9.04536629e-01
2.66700000e+00 9.90585067e-01
2.66900000e+00 1.00364665e+00
2.67100000e+00 9.15001211e-01
2.67300000e+00 1.02964930e+00
2.67500000e+00 9.77428720e-01
2.67700000e+00 9.83198180e-01
2.67900000e+00 9.02326030e-01
2.68100000e+00 1.00909791e+00
2.68300000e+00 9.28425938e-01
2.68500000e+00 1.06358459e+00
2.68700000e+00 1.01177205e+00
2.68900000e+00 1.03176262e+00
2.69100000e+00 9.15759588e-01
2.69300000e+00 9.21543635e-01
2.69500000e+00 1.05570621e+00
2.69700000e+00 9.82915297e-01
2.69900000e+00 9.81459126e-01
2.70100000e+00 1.06522412e+00
2.70300000e+00 1.15583120e+00
2.70500000e+00 1.13996164e+00
2.70700000e+00 9.04966200e-01
2.70900000e+00 1.05188233e+00
2.71100000e+00 1.03623248e+00
2.71300000e+00 9.08006638e-01
2.71500000e+00 8.99640923e-01
2.71700000e+00 9.19371252e-01
2.71900000e+00 7.70855847e-01
2.72100000e+00 8.67687822e-01
2.72300000e+00 8.31477649e-01
2.72500000e+00 1.07445099e+00
2.72700000e+00 9.33541058e-01
2.72900000e+00 8.62608066e-01
2.73100000e+00 1.19476900e+00
2.73300000e+00 9.50255090e-01
2.73500000e+00 1.12894256e+00
2.73700000e+00 1.04430235e+00
2.73900000e+00 1.06349526e+00
2.74100000e+00 1.00677793e+00
2.74300000e+00 9.02025015e-01
2.74500000e+00 9.76343294e-01
2.74700000e+00 1.00925037e+00
2.74900000e+00 8.22679485e-01
2.75100000e+00 1.04054606e+00
2.75300000e+00 9.09155393e-01
2.75500000e+00 9.96571701e-01
2.75700000e+00 1.00194228e+00
2.75900000e+00 9.25623578e-01
2.76100000e+00 9.10690668e-01
2.76300000e+00 9.29731828e-01
2.76500000e+00 1.03681211e+00
2.76700000e+00 9.67646256e-01
2.76900000e+00 1.09463166e+00
2.77100000e+00 9.58107399e-01
2.77300000e+00 1.11168848e+00
2.77500000e+00 9.82258470e-01
2.77700000e+00 9.94280352e-01
2.77900000e+00 9.52599068e-01
2.78100000e+00 1.03161499e+00
2.78300000e+00 8.16079220e-01
2.78500000e+00 1.02865377e+00
2.78700000e+00 1.04718790e+00
2.78900000e+00 9.72421895e-01
2.79100000e+00 9.77679623e-01
2.79300000e+00 9.09866337e-01
2.79500000e+00 9.61619540e-01
2.79700000e+00 9.40377682e-01
2.79900000e+00 8.59679275e-01
2.80100000e+00 1.07636679e+00
2.80300000e+00 9.89108571e-01
2.80500000e+00 9.61359952e-01
2.80700000e+00 1.09807132e+00
2.80900000e+00 1.02428313e+00
2.81100000e+00 9.96599807e-01
2.81300000e+00 7.92218186e-01
2.81500000e+00 1.03953527e+00
2.81700000e+00 1.04458838e+00
2.81900000e+00 8.47524190e-01
2.82100000e+00 8.52833056e-01
2.82300000e+00 1.07915850e+00
2.82500000e+00 9.73762974e-01
2.82700000e+00 1.02424623e+00
2.82900000e+00 9.19223993e-01
2.83100000e+00 1.03428243e+00
2.83300000e+00 9.61816054e-01
2.83500000e+00 9.02445142e-01
2.83700000e+00 1.19083601e+00
2.83900000e+00 9.06331825e-01
2.84100000e+00 9.11475038e-01
2.84300000e+00 1.06402853e+00
2.84500000e+00 1.03052905e+00
2.84700000e+00 9.14029064e-01
2.84900000e+00 1.10423144e+00
2.85100000e+00 9.56083288e-01
2.85300000e+00 8.59268968e-01
2.85500000e+00 9.02557796e-01
2.85700000e+00 9.45724609e-01
2.85900000e+00 9.69754989e-01
2.86100000e+00 9.81058455e-01
2.86300000e+00 9.67047123e-01
2.86500000e+00 8.71021222e-01
2.86700000e+00 1.17865071e+00
2.86900000e+00 9.25241579e-01
2.87100000e+00 9.74236095e-01
2.87300000e+00 1.12351967e+00
2.87500000e+00 1.05927789e+00
2.87700000e+00 9.76435987e-01
2.87900000e+00 9.56328291e-01
2.88100000e+00 9.98693835e-01
2.88300000e+00 1.08457319e+00
2.88500000e+00 1.08306997e+00
2.88700000e+00 9.82115176e-01
2.88900000e+00 1.02420706e+00
2.89100000e+00 8.61623469e-01
2.89300000e+00 1.05232759e+00
2.89500000e+00 9.76694751e-01
2.89700000e+00 9.50654336e-01
2.89900000e+00 1.03564701e+00
2.90100000e+00 9.17254210e-01
2.90300000e+00 1.02664738e+00
2.90500000e+00 1.02523424e+00
2.90700000e+00 9.74778550e-01
2.90900000e+00 8.75482558e-01
2.91100000e+00 9.59873816e-01
2.91300000e+00 9.95188934e-01
2.91500000e+00 8.90173458e-01
2.91700000e+00 8.64598324e-01
2.91900000e+00 9.97182300e-01
2.92100000e+00 1.01403340e+00
2.92300000e+00 8.73179970e-01
2.92500000e+00 9.68873651e-01
2.92700000e+00 1.05825787e+00
2.92900000e+00 9.72268098e-01
2.93100000e+00 1.04331000e+00
2.93300000e+00 9.87685381e-01
2.93500000e+00 9.80325494e-01
2.93700000e+00 1.08109415e+00
2.93900000e+00 1.04363583e+00
2.94100000e+00 7.96637040e-01
2.94300000e+00 1.05276405e+00
2.94500000e+00 1.04536115e+00
2.94700000e+00 9.48496551e-01
2.94900000e+00 9.71039648e-01
2.95100000e+00 1.02326691e+00
2.95300000e+00 1.05752833e+00
2.95500000e+00 9.01835903e-01
2.95700000e+00 1.06651940e+00
2.95900000e+00 9.05316434e-01
2.96100000e+00 1.04000339e+00
2.96300000e+00 8.73368082e-01
2.96500000e+00 9.60587902e-01
2.96700000e+00 1.12407989e+00
2.96900000e+00 9.40369406e-01
2.97100000e+00 1.06823054e+00
2.97300000e+00 9.96455725e-01
2.97500000e+00 1.01853091e+00
2.97700000e+00 9.41167909e-01
2.97900000e+00 1.12671793e+00
2.98100000e+00 9.79454427e-01
2.98300000e+00 1.01889738e+00
2.98500000e+00 1.02916142e+00
2.98700000e+00 9.81330198e-01
2.98900000e+00 1.11919145e+00
2.99100000e+00 1.01924537e+00
2.99300000e+00 1.01788365e+00
2.99500000e+00 9.76094701e-01
2.99700000e+00 1.05554440e+00
2.99900000e+00 8.98608601e-01
3.00100000e+00 9.20421799e-01
3.00300000e+00 8.78981371e-01
3.00500000e+00 1.06714368e+00
3.00700000e+00 9.28211752e-01
3.00900000e+00 1.00708748e+00
3.01100000e+00 1.01146453e+00
3.01300000e+00 9.93001465e-01
3.01500000e+00 9.97383823e-01
3.01700000e+00 8.59459134e-01
3.01900000e+00 1.00042687e+00
3.02100000e+00 1.02180955e+00
3.02300000e+00 9.80773478e-01
3.02500000e+00 8.88889547e-01
3.02700000e+00 1.02907126e+00
3.02900000e+00 1.10676758e+00
3.03100000e+00 1.02635693e+00
3.03300000e+00 9.23629790e-01
3.03500000e+00 9.33661825e-01
3.03700000e+00 1.01668846e+00
3.03900000e+00 1.02657006e+00
3.04100000e+00 1.16527760e+00
3.04300000e+00 9.62328719e-01
3.04500000e+00 9.61064992e-01
3.04700000e+00 1.16627316e+00
3.04900000e+00 9.64117929e-01
3.05100000e+00 1.13538893e+00
3.05300000e+00 9.56034893e-01
3.05500000e+00 1.08800915e+00
3.05700000e+00 1.00342889e+00
3.05900000e+00 8.69239800e-01
3.06100000e+00 1.02845475e+00
3.06300000e+00 9.88457366e-01
3.06500000e+00 9.92682698e-01
3.06700000e+00 9.03265039e-01
3.06900000e+00 1.02309997e+00
3.07100000e+00 1.09867506e+00
3.07300000e+00 1.05335561e+00
3.07500000e+00 9.97194909e-01
3.07700000e+00 1.01778690e+00
3.07900000e+00 1.01646510e+00
3.08100000e+00 9.87857004e-01
3.08300000e+00 1.04108268e+00
3.08500000e+00 9.58078813e-01
3.08700000e+00 9.45964622e-01
3.08900000e+00 9.33880991e-01
3.09100000e+00 9.54362932e-01
3.09300000e+00 1.01811518e+00
3.09500000e+00 9.78940223e-01
3.09700000e+00 9.12857944e-01
3.09900000e+00 1.00338752e+00
3.10100000e+00 1.00748127e+00
3.10300000e+00 8.55524554e-01
3.10500000e+00 1.05862446e+00
3.10700000e+00 1.11629694e+00
3.10900000e+00 1.02910263e+00
3.11100000e+00 1.02777988e+00
3.11300000e+00 9.46267513e-01
3.11500000e+00 1.00378489e+00
3.11700000e+00 1.00782959e+00
3.11900000e+00 1.08109583e+00
3.12100000e+00 1.02120421e+00
3.12300000e+00 9.77400957e-01
3.12500000e+00 1.08225358e+00
3.12700000e+00 1.01728905e+00
3.12900000e+00 8.46657504e-01
3.13100000e+00 9.98836892e-01
3.13300000e+00 1.01339637e+00
3.13500000e+00 8.53962559e-01
3.13700000e+00 1.03713692e+00
3.13900000e+00 8.46529604e-01
3.14100000e+00 1.02924580e+00
3.14300000e+00 9.44023159e-01
3.14500000e+00 9.58536590e-01
3.14700000e+00 1.08809986e+00
3.14900000e+00 1.10761657e+00
3.15100000e+00 9.49671680e-01
3.15300000e+00 1.00058086e+00
3.15500000e+00 1.09299827e+00
3.15700000e+00 1.21117156e+00
3.15900000e+00 1.03831625e+00
3.16100000e+00 9.38487492e-01
3.16300000e+00 9.06230283e-01
3.16500000e+00 1.04472707e+00
3.16700000e+00 1.04857335e+00
3.16900000e+00 1.03693250e+00
3.17100000e+00 9.84101263e-01
3.17300000e+00 1.06004910e+00
3.17500000e+00 1.05357464e+00
3.17700000e+00 1.11897651e+00
3.17900000e+00 9.33016315e-01
3.18100000e+00 1.04448386e+00
3.18300000e+00 1.08408039e+00
3.18500000e+00 9.49933004e-01
3.18700000e+00 9.58942636e-01
3.18900000e+00 9.83212014e-01
3.19100000e+00 9.97243855e-01
3.19300000e+00 9.80750138e-01
3.19500000e+00 9.94748407e-01
3.19700000e+00 9.88435295e-01
3.19900000e+00 1.07832588e+00
3.20100000e+00 1.00619148e+00
3.20300000e+00 9.49386120e-01
3.20500000e+00 1.12472850e+00
3.20700000e+00 1.06287806e+00
3.20900000e+00 9.91118764e-01
3.21100000e+00 1.00495888e+00
3.21300000e+00 8.88281713e-01
3.21500000e+00 9.52336770e-01
3.21700000e+00 1.13637754e+00
3.21900000e+00 1.06996784e+00
3.22100000e+00 1.08362045e+00
3.22300000e+00 9.77539616e-01
3.22500000e+00 1.01119638e+00
3.22700000e+00 1.03481880e+00
3.22900000e+00 9.49065494e-01
3.23100000e+00 1.00248148e+00
3.23300000e+00 1.06072125e+00
3.23500000e+00 1.12376679e+00
3.23700000e+00 8.89991815e-01
3.23900000e+00 9.08646239e-01
3.24100000e+00 9.81508174e-01
3.24300000e+00 1.02463301e+00
3.24500000e+00 9.74169873e-01
3.24700000e+00 1.00736809e+00
3.24900000e+00 1.06011562e+00
3.25100000e+00 9.46067833e-01
3.25300000e+00 1.02323896e+00
3.25500000e+00 1.07577043e+00
3.25700000e+00 9.18166068e-01
3.25900000e+00 9.41428832e-01
3.26100000e+00 1.02796840e+00
3.26300000e+00 1.01211088e+00
3.26500000e+00 9.76851602e-01
3.26700000e+00 9.80509955e-01
3.26900000e+00 9.30829834e-01
3.27100000e+00 9.49060481e-01
3.27300000e+00 1.06397048e+00
3.27500000e+00 9.27422284e-01
3.27700000e+00 9.89008183e-01
3.27900000e+00 9.87802076e-01
3.28100000e+00 9.96223522e-01
3.28300000e+00 1.03827140e+00
3.28500000e+00 1.04180849e+00
3.28700000e+00 1.19878005e+00
3.28900000e+00 1.14464038e+00
3.29100000e+00 1.00931237e+00
3.29300000e+00 9.98531412e-01
3.29500000e+00 9.68688418e-01
3.29700000e+00 8.86490237e-01
3.29900000e+00 9.28258399e-01
3.30100000e+00 1.01747004e+00
3.30300000e+00 9.40257811e-01
3.30500000e+00 1.19524386e+00
3.30700000e+00 1.12273914e+00
3.30900000e+00 1.00309308e+00
3.31100000e+00 9.35719620e-01
3.31300000e+00 9.53470816e-01
3.31500000e+00 1.04660985e+00
3.31700000e+00 9.98260358e-01
3.31900000e+00 1.05819796e+00
3.32100000e+00 1.09450330e+00
3.32300000e+00 9.85275127e-01
3.32500000e+00 9.88776334e-01
3.32700000e+00 1.12800324e+00
3.32900000e+00 9.58352275e-01
3.33100000e+00 9.38524684e-01
3.33300000e+00 1.03067218e+00
3.33500000e+00 9.54907033e-01
3.33700000e+00 1.00959276e+00
3.33900000e+00 1.01303060e+00
3.34100000e+00 1.03966632e+00
3.34300000e+00 9.96700358e-01
3.34500000e+00 9.30685013e-01
3.34700000e+00 9.80445243e-01
3.34900000e+00 9.42320805e-01
3.35100000e+00 9.18127780e-01
3.35300000e+00 1.00919692e+00
3.35500000e+00 1.03100762e+00
3.35700000e+00 9.14848755e-01
3.35900000e+00 9.78044248e-01
3.36100000e+00 9.58535427e-01
3.36300000e+00 9.89461554e-01
3.36500000e+00 1.06149207e+00
3.36700000e+00 1.07851125e+00
3.36900000e+00 1.04527934e+00
3.37100000e+00 1.09874888e+00
3.37300000e+00 9.97264455e-01
3.37500000e+00 9.96082862e-01
3.37700000e+00 1.06759037e+00
3.37900000e+00 1.03456402e+00
3.38100000e+00 9.74421877e-01
3.38300000e+00 1.04569948e+00
3.38500000e+00 9.94727770e-01
3.38700000e+00 1.01161796e+00
3.38900000e+00 7.48796590e-01
3.39100000e+00 9.41650224e-01
3.39300000e+00 9.72041797e-01
3.39500000e+00 9.70896871e-01
3.39700000e+00 1.01913959e+00
3.39900000e+00 1.01345628e+00
3.40100000e+00 1.07049229e+00
3.40300000e+00 1.06923437e+00
3.40500000e+00 9.69671004e-01
3.40700000e+00 1.02655560e+00
3.40900000e+00 1.20813147e+00
3.41100000e+00 1.09094173e+00
3.41300000e+00 8.53940399e-01
3.41500000e+00 9.64000426e-01
3.41700000e+00 1.04274187e+00
3.41900000e+00 1.04595430e+00
3.42100000e+00 9.42914606e-01
3.42300000e+00 9.72764673e-01
3.42500000e+00 9.31880473e-01
3.42700000e+00 8.77856998e-01
3.42900000e+00 1.04426875e+00
3.43100000e+00 1.16188033e+00
3.43300000e+00 1.03744075e+00
3.43500000e+00 9.48416665e-01
3.43700000e+00 9.91170306e-01
3.43900000e+00 1.08639120e+00
3.44100000e+00 9.97618306e-01
3.44300000e+00 9.65866573e-01
3.44500000e+00 1.10880244e+00
3.44700000e+00 1.09007493e+00
3.44900000e+00 9.62508987e-01
3.45100000e+00 1.07014862e+00
3.45300000e+00 9.25519034e-01
3.45500000e+00 1.00257018e+00
3.45700000e+00 9.36383819e-01
3.45900000e+00 1.04355376e+00
3.46100000e+00 1.08127390e+00
3.46300000e+00 9.07221262e-01
3.46500000e+00 1.01836727e+00
3.46700000e+00 9.43920330e-01
3.46900000e+00 9.25611557e-01
3.47100000e+00 1.06645212e+00
3.47300000e+00 1.08240523e+00
3.47500000e+00 1.07257902e+00
3.47700000e+00 1.11848467e+00
3.47900000e+00 1.01446810e+00
3.48100000e+00 1.05178257e+00
3.48300000e+00 1.02495123e+00
3.48500000e+00 9.64054936e-01
3.48700000e+00 1.11633953e+00
3.48900000e+00 9.91637383e-01
3.49100000e+00 9.64995011e-01
3.49300000e+00 9.68136478e-01
3.49500000e+00 1.09426940e+00
3.49700000e+00 9.95578493e-01
3.49900000e+00 9.26734089e-01
3.50100000e+00 9.76397518e-01
3.50300000e+00 9.54172890e-01
3.50500000e+00 1.08381707e+00
3.50700000e+00 9.51997518e-01
3.50900000e+00 9.42497464e-01
3.51100000e+00 1.00866858e+00
3.51300000e+00 9.73936392e-01
3.51500000e+00 1.01476065e+00
3.51700000e+00 1.05967989e+00
3.51900000e+00 1.11286379e+00
3.52100000e+00 1.05309463e+00
3.52300000e+00 8.64060133e-01
3.52500000e+00 1.04653652e+00
3.52700000e+00 1.03702049e+00
3.52900000e+00 8.81924592e-01
3.53100000e+00 1.02636167e+00
3.53300000e+00 9.13133581e-01
3.53500000e+00 1.01574842e+00
3.53700000e+00 1.05601228e+00
3.53900000e+00 1.01345360e+00
3.54100000e+00 1.09494657e+00
3.54300000e+00 1.02767538e+00
3.54500000e+00 1.07598678e+00
3.54700000e+00 9.96533489e-01
3.54900000e+00 1.05299637e+00
3.55100000e+00 9.61420596e-01
3.55300000e+00 9.15194406e-01
3.55500000e+00 9.75655856e-01
3.55700000e+00 1.03598078e+00
3.55900000e+00 1.00618547e+00
3.56100000e+00 1.00505556e+00
3.56300000e+00 9.34550440e-01
3.56500000e+00 9.94648580e-01
3.56700000e+00 1.05053952e+00
3.56900000e+00 9.55814634e-01
3.57100000e+00 1.01568542e+00
3.57300000e+00 1.00643228e+00
3.57500000e+00 1.06205769e+00
3.57700000e+00 1.04062475e+00
3.57900000e+00 9.90926851e-01
3.58100000e+00 1.08274219e+00
3.58300000e+00 1.03310689e+00
3.58500000e+00 9.79550572e-01
3.58700000e+00 8.93900397e-01
3.58900000e+00 1.07792064e+00
3.59100000e+00 1.09680834e+00
3.59300000e+00 1.00328538e+00
3.59500000e+00 1.00617806e+00
3.59700000e+00 9.12962376e-01
3.59900000e+00 1.03994067e+00
3.60100000e+00 9.82851203e-01
3.60300000e+00 1.00570573e+00
3.60500000e+00 8.65063733e-01
3.60700000e+00 1.12293788e+00
3.60900000e+00 1.02225270e+00
3.61100000e+00 9.77415089e-01
3.61300000e+00 9.28707266e-01
3.61500000e+00 9.95075486e-01
3.61700000e+00 1.00981559e+00
3.61900000e+00 9.96832718e-01
3.62100000e+00 9.56218685e-01
3.62300000e+00 9.43322389e-01
3.62500000e+00 9.61994776e-01
3.62700000e+00 1.04757575e+00
3.62900000e+00 9.91346582e-01
3.63100000e+00 9.90254791e-01
3.63300000e+00 1.08337097e+00
3.63500000e+00 9.88076612e-01
3.63700000e+00 9.20407544e-01
3.63900000e+00 1.01329188e+00
3.64100000e+00 9.80914768e-01
3.64300000e+00 9.17378229e-01
3.64500000e+00 9.47567415e-01
3.64700000e+00 1.09844038e+00
3.64900000e+00 9.33818394e-01
3.65100000e+00 9.48342185e-01
3.65300000e+00 9.97775161e-01
3.65500000e+00 1.10527159e+00
3.65700000e+00 1.02658488e+00
3.65900000e+00 9.01633442e-01
3.66100000e+00 9.62495702e-01
3.66300000e+00 9.07387797e-01
3.66500000e+00 1.02210809e+00
3.66700000e+00 1.08649116e+00
3.66900000e+00 1.03142649e+00
3.67100000e+00 1.07643590e+00
3.67300000e+00 1.18279034e+00
3.67500000e+00 9.97372916e-01
3.67700000e+00 1.01927949e+00
3.67900000e+00 9.79894453e-01
3.68100000e+00 9.44417939e-01
3.68300000e+00 1.00832236e+00
3.68500000e+00 9.34738239e-01
3.68700000e+00 9.52780024e-01
3.68900000e+00 9.63168167e-01
3.69100000e+00 9.58321783e-01
3.69300000e+00 9.15497867e-01
3.69500000e+00 1.04352466e+00
3.69700000e+00 9.55213715e-01
3.69900000e+00 9.84472513e-01
3.70100000e+00 9.03979622e-01
3.70300000e+00 9.48342485e-01
3.70500000e+00 8.49190258e-01
3.70700000e+00 9.65147529e-01
3.70900000e+00 1.03566175e+00
3.71100000e+00 1.02325978e+00
3.71300000e+00 1.10483225e+00
3.71500000e+00 9.94780234e-01
3.71700000e+00 1.03870819e+00
3.71900000e+00 1.06381202e+00
3.72100000e+00 9.80349341e-01
3.72300000e+00 9.53131928e-01
3.72500000e+00 9.67043744e-01
3.72700000e+00 1.02568220e+00
3.72900000e+00 1.02830803e+00
3.73100000e+00 9.86266509e-01
3.73300000e+00 9.70338889e-01
3.73500000e+00 9.91582741e-01
3.73700000e+00 1.00165111e+00
3.73900000e+00 9.63521317e-01
3.74100000e+00 9.77298924e-01
3.74300000e+00 8.69014690e-01
3.74500000e+00 9.27190530e-01
3.74700000e+00 1.01107201e+00
3.74900000e+00 1.00999353e+00
3.75100000e+00 9.46319752e-01
3.75300000e+00 1.01152000e+00
3.75500000e+00 1.02881446e+00
3.75700000e+00 9.83674275e-01
3.75900000e+00 1.07062433e+00
3.76100000e+00 1.04018499e+00
